{
 "cells": [
  {
   "cell_type": "code",
   "execution_count": 1,
   "metadata": {},
   "outputs": [],
   "source": [
    "import select\n",
    "import threading\n",
    "import time\n",
    "from time import sleep\n",
    "import numpy as np\n",
    "import pinocchio as pin\n",
    "from FR3Py.lcm_msgs.fr3_states import fr3_state\n",
    "from FR3Py.lcm_msgs.fr3_commands import fr3_cmd\n",
    "import lcm\n",
    "\n",
    "class FR3Real:\n",
    "    def __init__(\n",
    "        self,\n",
    "        robot_name = 'franka',\n",
    "        interface_type = 'joint_velocity',\n",
    "    ):\n",
    "        \n",
    "        self.state = None\n",
    "        self.trigger_timestamp = 0\n",
    "        self.robot_name = robot_name\n",
    "        self.state_topic_name = f'{robot_name}_state'\n",
    "        self.command_topic_name = f'{robot_name}_command'\n",
    "        self.states_msg = fr3_state()\n",
    "        self.command_msg = fr3_cmd()\n",
    "        self.user_callback = None\n",
    "        # Threading Interface for handleing LCM\n",
    "        self.lc = lcm.LCM(\"udpm://239.255.76.67:7667?ttl=1\")\n",
    "        self.subscription = self.lc.subscribe(self.state_topic_name, self.update)\n",
    "        self.subscription.set_queue_capacity(1)\n",
    "        self.running = True\n",
    "        self.lcm_thread = threading.Thread(target=self.LCMThreadFunc)\n",
    "        self.lcm_thread.start()\n",
    "        sleep(0.2)\n",
    "        print(\"Interface Running...\")\n",
    "\n",
    "    def LCMThreadFunc(self):\n",
    "        while self.running:\n",
    "            rfds, wfds, efds = select.select([self.lc.fileno()], [], [], 0.5)\n",
    "            if rfds: # Handle only if there are data in the interface file\n",
    "                self.lc.handle()\n",
    "\n",
    "    def update(self, channel, data):\n",
    "        msg = fr3_state.decode(data)\n",
    "        self.trigger_timestamp = np.array(msg.timestamp) / 1000000\n",
    "        q = np.hstack([msg.q,np.zeros((2))])\n",
    "        dq = np.hstack([msg.dq,np.zeros((2))])\n",
    "        T = np.hstack([msg.T,np.zeros((2))])\n",
    "        self.joint_state = {\n",
    "            'q':q,\n",
    "            'dq':dq,\n",
    "            'T':T\n",
    "        }\n",
    "        # Call an arbitrary user callback \n",
    "        if self.user_callback is not None:\n",
    "            self.user_callback(self.joint_state)\n",
    "        \n",
    "    def readStates(self):\n",
    "        if time.time()-self.trigger_timestamp > 0.2:\n",
    "            self.state = None\n",
    "            return None\n",
    "        else:\n",
    "            return self.joint_state\n",
    "\n",
    "    def setCommand(self, cmd):\n",
    "        self.command_msg.timestamp = int(self.trigger_timestamp*1000000)\n",
    "        self.command_msg.cmd = cmd.tolist()\n",
    "        self.lc.publish(self.command_topic_name, self.command_msg.encode())\n",
    "        self.cmd_log = cmd\n",
    "\n",
    "    def close(self):\n",
    "        self.running = False\n",
    "        self.lcm_thread.join()\n",
    "        self.lc.unsubscribe(self.subscription)\n",
    "        del self.lc\n",
    "        print(\"Interface Closed.\")        "
   ]
  },
  {
   "cell_type": "code",
   "execution_count": 15,
   "metadata": {},
   "outputs": [
    {
     "name": "stdout",
     "output_type": "stream",
     "text": [
      "Interface Running...\n"
     ]
    }
   ],
   "source": [
    "from FR3Py.interfaces import FR3Real\n",
    "robot = FR3Real()"
   ]
  },
  {
   "cell_type": "code",
   "execution_count": 16,
   "metadata": {},
   "outputs": [],
   "source": [
    "robot.readStates()"
   ]
  },
  {
   "cell_type": "code",
   "execution_count": 11,
   "metadata": {},
   "outputs": [
    {
     "ename": "KeyboardInterrupt",
     "evalue": "",
     "output_type": "error",
     "traceback": [
      "\u001b[0;31m---------------------------------------------------------------------------\u001b[0m",
      "\u001b[0;31mKeyboardInterrupt\u001b[0m                         Traceback (most recent call last)",
      "Cell \u001b[0;32mIn[11], line 2\u001b[0m\n\u001b[1;32m      1\u001b[0m \u001b[39mwhile\u001b[39;00m \u001b[39mTrue\u001b[39;00m:\n\u001b[0;32m----> 2\u001b[0m     sleep(\u001b[39m0.001\u001b[39;49m)\n\u001b[1;32m      3\u001b[0m     robot\u001b[39m.\u001b[39msetCommand(np\u001b[39m.\u001b[39mzeros(\u001b[39m7\u001b[39m))\n",
      "\u001b[0;31mKeyboardInterrupt\u001b[0m: "
     ]
    }
   ],
   "source": [
    "while True:\n",
    "    sleep(0.001)\n",
    "    robot.setCommand(np.zeros(7))"
   ]
  },
  {
   "cell_type": "code",
   "execution_count": 2,
   "metadata": {},
   "outputs": [],
   "source": [
    "from FR3Py.control_utils import RobotModel"
   ]
  },
  {
   "cell_type": "code",
   "execution_count": 3,
   "metadata": {},
   "outputs": [],
   "source": [
    "model = RobotModel()"
   ]
  },
  {
   "cell_type": "code",
   "execution_count": 6,
   "metadata": {},
   "outputs": [
    {
     "data": {
      "text/plain": [
       "{'q': array([0., 0., 0., 0., 0., 0., 0., 0., 0.]),\n",
       " 'dq': array([0., 0., 0., 0., 0., 0., 0., 0., 0.]),\n",
       " 'f(x)': array([[  0.        ],\n",
       "        [  0.        ],\n",
       "        [  0.        ],\n",
       "        [  0.        ],\n",
       "        [  0.        ],\n",
       "        [  0.        ],\n",
       "        [  0.        ],\n",
       "        [  0.        ],\n",
       "        [  0.        ],\n",
       "        [  0.34254685],\n",
       "        [ 16.63314448],\n",
       "        [  5.39166406],\n",
       "        [ 34.14270654],\n",
       "        [ -7.33759847],\n",
       "        [-44.0004016 ],\n",
       "        [ -7.07874768],\n",
       "        [  4.03622556],\n",
       "        [ -4.03622556]]),\n",
       " 'g(x)': array([[ 0.00000000e+00,  0.00000000e+00,  0.00000000e+00,\n",
       "          0.00000000e+00,  0.00000000e+00,  0.00000000e+00,\n",
       "          0.00000000e+00,  0.00000000e+00,  0.00000000e+00],\n",
       "        [ 0.00000000e+00,  0.00000000e+00,  0.00000000e+00,\n",
       "          0.00000000e+00,  0.00000000e+00,  0.00000000e+00,\n",
       "          0.00000000e+00,  0.00000000e+00,  0.00000000e+00],\n",
       "        [ 0.00000000e+00,  0.00000000e+00,  0.00000000e+00,\n",
       "          0.00000000e+00,  0.00000000e+00,  0.00000000e+00,\n",
       "          0.00000000e+00,  0.00000000e+00,  0.00000000e+00],\n",
       "        [ 0.00000000e+00,  0.00000000e+00,  0.00000000e+00,\n",
       "          0.00000000e+00,  0.00000000e+00,  0.00000000e+00,\n",
       "          0.00000000e+00,  0.00000000e+00,  0.00000000e+00],\n",
       "        [ 0.00000000e+00,  0.00000000e+00,  0.00000000e+00,\n",
       "          0.00000000e+00,  0.00000000e+00,  0.00000000e+00,\n",
       "          0.00000000e+00,  0.00000000e+00,  0.00000000e+00],\n",
       "        [ 0.00000000e+00,  0.00000000e+00,  0.00000000e+00,\n",
       "          0.00000000e+00,  0.00000000e+00,  0.00000000e+00,\n",
       "          0.00000000e+00,  0.00000000e+00,  0.00000000e+00],\n",
       "        [ 0.00000000e+00,  0.00000000e+00,  0.00000000e+00,\n",
       "          0.00000000e+00,  0.00000000e+00,  0.00000000e+00,\n",
       "          0.00000000e+00,  0.00000000e+00,  0.00000000e+00],\n",
       "        [ 0.00000000e+00,  0.00000000e+00,  0.00000000e+00,\n",
       "          0.00000000e+00,  0.00000000e+00,  0.00000000e+00,\n",
       "          0.00000000e+00,  0.00000000e+00,  0.00000000e+00],\n",
       "        [ 0.00000000e+00,  0.00000000e+00,  0.00000000e+00,\n",
       "          0.00000000e+00,  0.00000000e+00,  0.00000000e+00,\n",
       "          0.00000000e+00,  0.00000000e+00,  0.00000000e+00],\n",
       "        [ 2.67834389e+01,  3.28644841e-02, -2.67723381e+01,\n",
       "          6.13865865e-02, -1.05739838e-02, -4.01637578e-03,\n",
       "          4.97372626e-03, -2.43215068e-03,  2.43215068e-03],\n",
       "        [ 3.28644841e-02,  1.59581008e+00,  5.06158291e-01,\n",
       "          2.98076589e+00, -5.13443931e-01, -1.95024298e-01,\n",
       "          2.41510637e-01, -1.18098630e-01,  1.18098630e-01],\n",
       "        [-2.67723381e+01,  5.06158291e-01,  4.98857078e+01,\n",
       "          1.00887380e+00, -2.31512609e+01, -2.21720418e-02,\n",
       "          4.09919352e-02, -3.51570560e-02,  3.51570560e-02],\n",
       "        [ 6.13865865e-02,  2.98076589e+00,  1.00887380e+00,\n",
       "          7.24923707e+00, -2.24196258e+00,  6.87704988e-01,\n",
       "         -4.92844706e-01, -1.59587227e-01,  1.59587227e-01],\n",
       "        [-1.05739838e-02, -5.13443931e-01, -2.31512609e+01,\n",
       "         -2.24196258e+00,  5.44850970e+01, -8.96135271e-01,\n",
       "          3.20439959e+01,  1.90145394e+00, -1.90145394e+00],\n",
       "        [-4.01637578e-03, -1.95024298e-01, -2.21720418e-02,\n",
       "          6.87704988e-01, -8.96135271e-01,  1.97675242e+01,\n",
       "          2.80228142e+00, -2.18928794e+00,  2.18928794e+00],\n",
       "        [ 4.97372626e-03,  2.41510637e-01,  4.09919352e-02,\n",
       "         -4.92844706e-01,  3.20439959e+01,  2.80228142e+00,\n",
       "          1.83237134e+02,  1.50159204e+00, -1.50159204e+00],\n",
       "        [-2.43215068e-03, -1.18098630e-01, -3.51570560e-02,\n",
       "         -1.59587227e-01,  1.90145394e+00, -2.18928794e+00,\n",
       "          1.50159204e+00,  6.70586712e+01, -3.92004501e-01],\n",
       "        [ 2.43215068e-03,  1.18098630e-01,  3.51570560e-02,\n",
       "          1.59587227e-01, -1.90145394e+00,  2.18928794e+00,\n",
       "         -1.50159204e+00, -3.92004501e-01,  6.70586712e+01]]),\n",
       " 'M(q)': array([[ 1.21087270e-01, -5.76918553e-02,  8.37498215e-02,\n",
       "          2.28216636e-02,  4.01578607e-02,  1.34910570e-03,\n",
       "         -6.91262924e-03, -9.33380951e-04,  9.33380951e-04],\n",
       "        [-5.76918553e-02,  2.85703459e+00, -5.69229192e-02,\n",
       "         -1.18662706e+00, -4.52703877e-02,  6.86215671e-02,\n",
       "         -1.68571373e-04,  5.67028928e-03, -5.67028928e-03],\n",
       "        [ 8.37498215e-02, -5.69229192e-02,  8.37498215e-02,\n",
       "          2.28216636e-02,  4.01578607e-02,  1.34910570e-03,\n",
       "         -6.91262924e-03, -9.33380951e-04,  9.33380951e-04],\n",
       "        [ 2.28216636e-02, -1.18662706e+00,  2.28216636e-02,\n",
       "          6.33064034e-01,  2.44661512e-02, -3.30381679e-02,\n",
       "         -4.74311654e-04, -2.31860314e-03,  2.31860314e-03],\n",
       "        [ 4.01578607e-02, -4.52703877e-02,  4.01578607e-02,\n",
       "          2.44661512e-02,  4.01578607e-02,  1.34910570e-03,\n",
       "         -6.91262924e-03, -9.33380951e-04,  9.33380951e-04],\n",
       "        [ 1.34910570e-03,  6.86215671e-02,  1.34910570e-03,\n",
       "         -3.30381679e-02,  1.34910570e-03,  5.30439486e-02,\n",
       "         -1.25553660e-03,  1.75433192e-03, -1.75433192e-03],\n",
       "        [-6.91262924e-03, -1.68571373e-04, -6.91262924e-03,\n",
       "         -4.74311654e-04, -6.91262924e-03, -1.25553660e-03,\n",
       "          6.68615197e-03,  0.00000000e+00,  0.00000000e+00],\n",
       "        [-9.33380951e-04,  5.67028928e-03, -9.33380951e-04,\n",
       "         -2.31860314e-03, -9.33380951e-04,  1.75433192e-03,\n",
       "          0.00000000e+00,  1.50000000e-02,  0.00000000e+00],\n",
       "        [ 9.33380951e-04, -5.67028928e-03,  9.33380951e-04,\n",
       "          2.31860314e-03,  9.33380951e-04, -1.75433192e-03,\n",
       "          0.00000000e+00,  0.00000000e+00,  1.50000000e-02]]),\n",
       " 'M(q)^{-1}': array([[ 2.67834389e+01,  3.28644841e-02, -2.67723381e+01,\n",
       "          6.13865865e-02, -1.05739838e-02, -4.01637578e-03,\n",
       "          4.97372626e-03, -2.43215068e-03,  2.43215068e-03],\n",
       "        [ 3.28644841e-02,  1.59581008e+00,  5.06158291e-01,\n",
       "          2.98076589e+00, -5.13443931e-01, -1.95024298e-01,\n",
       "          2.41510637e-01, -1.18098630e-01,  1.18098630e-01],\n",
       "        [-2.67723381e+01,  5.06158291e-01,  4.98857078e+01,\n",
       "          1.00887380e+00, -2.31512609e+01, -2.21720418e-02,\n",
       "          4.09919352e-02, -3.51570560e-02,  3.51570560e-02],\n",
       "        [ 6.13865865e-02,  2.98076589e+00,  1.00887380e+00,\n",
       "          7.24923707e+00, -2.24196258e+00,  6.87704988e-01,\n",
       "         -4.92844706e-01, -1.59587227e-01,  1.59587227e-01],\n",
       "        [-1.05739838e-02, -5.13443931e-01, -2.31512609e+01,\n",
       "         -2.24196258e+00,  5.44850970e+01, -8.96135271e-01,\n",
       "          3.20439959e+01,  1.90145394e+00, -1.90145394e+00],\n",
       "        [-4.01637578e-03, -1.95024298e-01, -2.21720418e-02,\n",
       "          6.87704988e-01, -8.96135271e-01,  1.97675242e+01,\n",
       "          2.80228142e+00, -2.18928794e+00,  2.18928794e+00],\n",
       "        [ 4.97372626e-03,  2.41510637e-01,  4.09919352e-02,\n",
       "         -4.92844706e-01,  3.20439959e+01,  2.80228142e+00,\n",
       "          1.83237134e+02,  1.50159204e+00, -1.50159204e+00],\n",
       "        [-2.43215068e-03, -1.18098630e-01, -3.51570560e-02,\n",
       "         -1.59587227e-01,  1.90145394e+00, -2.18928794e+00,\n",
       "          1.50159204e+00,  6.70586712e+01, -3.92004501e-01],\n",
       "        [ 2.43215068e-03,  1.18098630e-01,  3.51570560e-02,\n",
       "          1.59587227e-01, -1.90145394e+00,  2.18928794e+00,\n",
       "         -1.50159204e+00, -3.92004501e-01,  6.70586712e+01]]),\n",
       " 'nle': array([ 0.00000000e+00, -4.03990394e+00,  0.00000000e+00, -3.26685497e+00,\n",
       "         0.00000000e+00,  2.29968883e+00,  1.12119508e-17,  4.62078211e-17,\n",
       "        -4.62078211e-17]),\n",
       " 'G': array([ 0.00000000e+00, -4.03990394e+00,  0.00000000e+00, -3.26685497e+00,\n",
       "         0.00000000e+00,  2.29968883e+00,  1.12119508e-17,  4.62078211e-17,\n",
       "        -4.62078211e-17]),\n",
       " 'J_EE': array([[ 7.83373366e-17,  4.89600000e-01,  8.17124146e-18,\n",
       "         -1.73600000e-01,  9.34363698e-17,  2.10400000e-01,\n",
       "          0.00000000e+00,  0.00000000e+00,  0.00000000e+00],\n",
       "        [ 8.80000000e-02,  1.95399252e-17,  8.80000000e-02,\n",
       "          1.22124533e-18,  8.80000000e-02,  1.95399252e-17,\n",
       "          0.00000000e+00,  0.00000000e+00,  0.00000000e+00],\n",
       "        [ 0.00000000e+00, -8.80000000e-02,  0.00000000e+00,\n",
       "          5.50000000e-03,  0.00000000e+00,  8.80000000e-02,\n",
       "          0.00000000e+00,  0.00000000e+00,  0.00000000e+00],\n",
       "        [ 0.00000000e+00,  0.00000000e+00,  0.00000000e+00,\n",
       "          0.00000000e+00,  0.00000000e+00,  0.00000000e+00,\n",
       "          0.00000000e+00,  0.00000000e+00,  0.00000000e+00],\n",
       "        [ 0.00000000e+00,  1.00000000e+00,  0.00000000e+00,\n",
       "         -1.00000000e+00,  0.00000000e+00, -1.00000000e+00,\n",
       "         -4.44089210e-16,  0.00000000e+00,  0.00000000e+00],\n",
       "        [ 1.00000000e+00,  2.22044605e-16,  1.00000000e+00,\n",
       "          2.22044605e-16,  1.00000000e+00,  2.22044605e-16,\n",
       "         -1.00000000e+00,  0.00000000e+00,  0.00000000e+00]]),\n",
       " 'dJ_EE': array([[0., 0., 0., 0., 0., 0., 0., 0., 0.],\n",
       "        [0., 0., 0., 0., 0., 0., 0., 0., 0.],\n",
       "        [0., 0., 0., 0., 0., 0., 0., 0., 0.],\n",
       "        [0., 0., 0., 0., 0., 0., 0., 0., 0.],\n",
       "        [0., 0., 0., 0., 0., 0., 0., 0., 0.],\n",
       "        [0., 0., 0., 0., 0., 0., 0., 0., 0.]]),\n",
       " 'pJ_EE': array([[ 3.13442259e-16,  3.78787879e+00, -7.01691435e-15,\n",
       "          2.11288482e-16, -4.11325496e-16,  4.23305839e-16],\n",
       "        [ 1.42857143e+00, -2.02405923e-15, -6.64935065e+00,\n",
       "         -9.43907129e-26, -2.84571429e-01,  7.15936267e-16],\n",
       "        [ 1.05599317e-16,  3.78787879e+00, -7.73830340e-15,\n",
       "          2.11288482e-16, -6.12593947e-16, -6.54969629e-17],\n",
       "        [-4.24369702e-16, -5.42013815e-15, -1.21212121e+01,\n",
       "         -1.72259171e-25, -1.06666667e+00, -1.50312084e-16],\n",
       "        [ 4.48537128e-16,  3.78787879e+00, -7.06494302e-15,\n",
       "          2.11288482e-16, -6.24143804e-16,  2.30731772e-16],\n",
       "        [ 1.42857143e+00, -1.29787101e-15,  5.47186147e+00,\n",
       "          7.69958250e-26, -2.17904762e-01, -3.77125291e-16],\n",
       "        [ 1.35065877e-15,  1.13636364e+01, -2.37654679e-14,\n",
       "          5.26287720e-16, -1.82810668e-15, -1.00000000e+00],\n",
       "        [ 0.00000000e+00,  0.00000000e+00,  0.00000000e+00,\n",
       "          0.00000000e+00,  0.00000000e+00,  0.00000000e+00],\n",
       "        [ 0.00000000e+00,  0.00000000e+00,  0.00000000e+00,\n",
       "          0.00000000e+00,  0.00000000e+00,  0.00000000e+00]]),\n",
       " 'R_EE': array([[ 7.07106781e-01,  7.07106781e-01,  0.00000000e+00],\n",
       "        [ 7.07106781e-01, -7.07106781e-01, -4.44089210e-16],\n",
       "        [-3.14018492e-16,  3.14018492e-16, -1.00000000e+00]]),\n",
       " 'P_EE': array([ 8.80000000e-02, -7.83373366e-17,  8.22600000e-01])}"
      ]
     },
     "execution_count": 6,
     "metadata": {},
     "output_type": "execute_result"
    }
   ],
   "source": [
    "import numpy as np\n",
    "model.update(np.zeros(9), np.zeros(9))"
   ]
  },
  {
   "cell_type": "code",
   "execution_count": null,
   "metadata": {},
   "outputs": [],
   "source": []
  }
 ],
 "metadata": {
  "kernelspec": {
   "display_name": "Python 3.8.10 64-bit",
   "language": "python",
   "name": "python3"
  },
  "language_info": {
   "codemirror_mode": {
    "name": "ipython",
    "version": 3
   },
   "file_extension": ".py",
   "mimetype": "text/x-python",
   "name": "python",
   "nbconvert_exporter": "python",
   "pygments_lexer": "ipython3",
   "version": "3.8.10"
  },
  "orig_nbformat": 4,
  "vscode": {
   "interpreter": {
    "hash": "31f2aee4e71d21fbe5cf8b01ff0e069b9275f58929596ceb00d14d90e3e16cd6"
   }
  }
 },
 "nbformat": 4,
 "nbformat_minor": 2
}
